  0.000711
  0.000576
  0.000637
  0.000622
  0.000722
  0.000569
  0.000773
  0.000823
  0.000932
  0.000590
  0.000643
  0.000546
  0.000577
  0.000718
  0.000686
  0.000648
  0.000679
  0.000761
  0.000776
  0.001489
  0.000655
  0.000693
  0.000566
  0.000583
  0.000830
  0.000612
  0.001063
  0.000677
  0.000597
  0.000544
  0.000607
  0.001579
  0.000847
  0.000853
  0.001249
  0.000938
  0.000809
  0.001063
  0.001484
  0.001686
  0.001505
  0.001566
  0.002091
  0.001282
  0.000973
  0.001503
  0.001418
  0.001374
  0.001563
  0.000976
  0.000569
  0.001466
  0.000836
  0.000787
  0.001258
  0.002513
  0.000788
  0.001284
  0.000884
  0.000835
  0.001831
  0.000879
  0.002339
  0.002525
  0.002012
  0.002439
  0.002192
  0.000984
  0.002600
  0.002608
  0.002794
  0.002506
  0.002441
  0.002315
  0.002681
  0.002568
  0.001020
  0.002625
  0.002218
  0.002485
  0.002426
  0.002410
  0.002025
  0.002602
  0.002139
  0.002478
  0.001426
  0.002256
  0.003163
  0.002558
  0.002240
  0.001774
  0.000983
  0.000884
  0.002686
  0.001264
  0.001768
  0.001280
  0.002439
  0.001737
  0.001411
  0.001183
  0.001257
  0.001257
  0.000751
  0.000773
  0.001474
  0.001288
  0.000787
  0.000838
  0.001373
  0.002612
  0.001249
  0.002473
  0.001418
  0.001160
  0.000827
  0.002288
  0.001293
  0.001786
  0.001285
  0.001260
  0.000725
  0.002387
  0.001329
  0.001619
  0.001360
  0.000939
  0.001512
  0.001757
  0.001431
  0.000957
  0.001894
  0.000794
  0.000889
  0.001373
  0.001527
  0.001722
  0.000866
  0.001660
  0.001533
  0.000902
  0.001519
  0.000742
  0.000823
  0.001620
  0.001415
  0.001463
  0.001079
  0.001495
  0.002132
  0.001568
  0.001543
  0.001362
  0.001387
  0.001853
  0.001881
  0.001566
  0.001521
  0.001729
  0.001349
  0.001647
  0.001882
  0.002136
  0.001755
  0.001741
  0.001668
  0.001777
  0.001955
  0.001747
  0.001111
  0.001596
  0.001182
  0.001983
  0.001713
  0.001685
  0.001871
  0.001645
  0.001678
  0.001627
  0.001874
  0.002340
  0.001805
  0.001840
  0.001541
  0.001517
  0.001189
  0.001173
  0.001003
  0.002003
  0.001967
  0.001556
  0.001900
  0.002112
  0.001383
  0.001980
  0.001000
  0.001859
  0.002095
  0.002156
  0.002037
  0.002114
  0.001073
  0.001833
  0.001787
  0.001924
  0.000967
  0.002145
  0.001895
  0.001807
  0.001810
  0.002019
  0.002657
  0.001046
  0.001987
  0.000889
  0.001769
  0.002608
  0.002349
  0.001777
  0.002256
  0.001080
  0.002113
  0.002307
  0.002334
  0.002604
  0.002263
  0.002230
  0.001232
  0.002417
  0.002346
  0.002257
  0.002372
  0.001789
  0.002178
  0.002248
  0.002143
  0.001928
  0.002301
  0.000900
  0.000964
  0.001309
  0.001078
  0.002897
  0.002285
  0.000993
  0.001068
  0.001955
  0.002833
  0.001377
  0.002101
  0.002663
  0.002507
  0.002287
  0.002840
  0.002811
  0.002939
  0.002685
  0.002644
  0.002719
  0.002826
  0.002801
  0.002501
  0.002744
  0.002553
  0.002707
  0.001282
  0.002497
  0.001150
  0.002831
  0.002377
  0.002278
  0.002848
  0.002596
  0.003498
  0.002741
  0.002668
  0.002059
  0.001266
  0.002043
  0.002115
  0.001913
  0.000740
  0.002350
  0.001136
  0.001252
  0.001170
  0.002341
  0.001011
  0.002007
  0.000981
  0.001030
  0.001216
  0.002760
  0.001845
  0.002054
  0.002007
  0.001097
  0.001038
  0.002273
  0.001136
  0.002617
  0.002066
  0.002060
  0.002472
  0.001581
  0.002075
  0.002447
  0.001709
  0.002271
  0.000579
  0.000533
  0.000677
  0.000555
  0.000662
  0.000665
  0.000718
  0.002609
  0.000582
  0.000599
  0.001146
  0.000830
  0.000476
  0.000716
  0.000627
  0.000811
  0.000579
  0.000602
  0.000719
  0.000886
  0.001750
  0.001364
  0.001457
  0.002697
  0.001501
  0.000990
  0.000905
  0.000728
  0.002815
  0.001071
  0.000799
  0.000903
  0.000831
  0.000940
  0.000840
  0.001448
  0.000890
  0.001463
  0.000990
  0.000811
  0.002474
  0.000903
  0.000912
  0.000704
  0.001449
  0.001320
  0.001656
  0.001758
  0.001306
  0.001750
  0.001566
  0.001895
  0.001364
  0.000809
  0.001615
  0.001701
  0.002360
  0.002146
  0.002130
  0.001032
  0.001840
  0.001977
  0.001122
  0.000919
  0.001525
  0.002124
  0.001702
  0.002196
  0.002276
  0.002070
  0.001671
  0.001899
  0.001105
  0.001252
  0.001476
  0.001152
  0.001705
  0.002432
  0.001307
  0.002245
  0.002586
  0.002509
  0.001270
  0.001484
  0.000893
  0.001547
  0.002667
  0.001405
  0.001219
  0.002456
  0.001417
  0.001965
  0.001959
  0.001652
  0.001025
  0.001723
  0.001731
  0.001781
  0.001618
  0.001574
  0.001989
  0.001935
  0.001498
  0.001979
  0.001801
  0.001639
  0.001545
  0.001692
  0.001668
  0.002388
  0.002826
  0.002586
  0.000816
  0.002192
  0.002067
  0.001521
  0.001755
  0.002045
  0.002408
  0.002369
  0.002335
  0.001178
  0.001147
  0.002478
  0.000992
  0.002096
  0.001898
  0.002617
  0.001225
  0.002368
  0.001273
  0.001469
  0.002541
  0.001326
  0.001273
  0.001125
  0.001885
  0.002915
  0.002131
  0.002866
  0.001321
  0.002632
  0.002146
  0.001196
  0.002598
  0.002192
  0.002580
  0.000947
  0.002305
  0.001302
  0.002330
  0.002392
  0.002357
  0.002272
  0.002607
  0.002669
  0.001098
  0.002667
  0.002448
  0.002239
  0.002346
  0.002330
  0.002405
  0.001014
  0.002120
  0.001897
  0.001946
  0.001962
  0.001144
  0.001154
  0.002066
  0.001811
  0.002285
  0.001267
  0.001900
  0.002438
  0.002019
  0.001160
  0.001882
  0.001024
  0.002059
