  0.001867
  0.002235
  0.000956
  0.002101
  0.001494
  0.001056
  0.001338
  0.001802
  0.001129
  0.002425
  0.001292
  0.001726
  0.001012
  0.001218
  0.001220
  0.001300
  0.001440
  0.002961
  0.001443
  0.001242
  0.001364
  0.001537
  0.002439
  0.001304
  0.001272
  0.001577
  0.001243
  0.001526
  0.001583
  0.001967
  0.001430
  0.002011
  0.001617
  0.001598
  0.001238
  0.001952
  0.002818
  0.001569
  0.001533
  0.001390
  0.002129
  0.001455
  0.001169
  0.001378
  0.002456
  0.001644
  0.002049
  0.001836
  0.002129
  0.001687
  0.001506
  0.001608
  0.001281
  0.001373
  0.001528
  0.002695
  0.001340
  0.001061
  0.001891
  0.001296
  0.001723
  0.002361
  0.002546
  0.002943
  0.001836
  0.002353
  0.002511
  0.002089
  0.001846
  0.002389
  0.002640
  0.002772
  0.002745
  0.001348
  0.002673
  0.001906
  0.002165
  0.001561
  0.002402
  0.001856
  0.002843
  0.001788
  0.002592
  0.002643
  0.002148
  0.002112
  0.002220
  0.001791
  0.001720
  0.002270
  0.002406
  0.002309
  0.003040
  0.001615
  0.002442
  0.001429
  0.001592
  0.001185
  0.001686
  0.002075
  0.002035
  0.001996
  0.001966
  0.001699
  0.001518
  0.001594
  0.001614
  0.001732
  0.001850
  0.001207
  0.001588
  0.002188
  0.002037
  0.002137
  0.002066
  0.001895
  0.001828
  0.001838
  0.002034
  0.001525
  0.001708
  0.002140
  0.001483
  0.002147
  0.003083
  0.002739
  0.002943
  0.001857
  0.003042
  0.002706
  0.002614
  0.003088
  0.002757
  0.003474
  0.002159
  0.002429
  0.002248
  0.002667
  0.001947
  0.002492
  0.002209
  0.003191
  0.002478
  0.002918
  0.002358
  0.002439
  0.002988
  0.002763
  0.002987
  0.002475
  0.002811
  0.002814
  0.003230
  0.003342
  0.003547
  0.001345
  0.001367
  0.002035
  0.001428
  0.001747
  0.001432
  0.002842
  0.002682
  0.001592
  0.001580
  0.002442
  0.002134
  0.002471
  0.001498
  0.001452
  0.001088
  0.001092
  0.001325
  0.001982
  0.002236
  0.001852
  0.001775
  0.001567
  0.002618
  0.001529
  0.002305
  0.002963
  0.001302
  0.001890
  0.002696
  0.001633
  0.002946
  0.002566
  0.002710
  0.002713
  0.002377
  0.001258
  0.003078
  0.003545
  0.002311
  0.003016
  0.003228
  0.001892
  0.001818
  0.002217
  0.001858
  0.002284
  0.002056
  0.002472
  0.002586
  0.002521
  0.002842
  0.002219
  0.002779
  0.002359
  0.001946
  0.003372
  0.002225
  0.002568
  0.002894
  0.002500
  0.002882
  0.001131
  0.003467
  0.001169
  0.002960
  0.003242
  0.002283
  0.003323
  0.003688
  0.002182
  0.003322
  0.001970
  0.002301
  0.002958
  0.002928
  0.002077
  0.002747
  0.002772
  0.002723
  0.003019
  0.003123
  0.003029
  0.002867
  0.003298
  0.003043
  0.002475
  0.002750
  0.002426
  0.002118
  0.003467
  0.001271
  0.001958
  0.002702
  0.001923
  0.002472
  0.003203
  0.002787
  0.001868
  0.003504
  0.003332
  0.001762
  0.003746
  0.002943
  0.002744
  0.003125
  0.003164
  0.002262
  0.003057
  0.002962
  0.003418
  0.003442
  0.002776
  0.003242
  0.003014
  0.003510
  0.003309
  0.003359
  0.002995
  0.002569
  0.002989
  0.003758
  0.003114
  0.003318
  0.002319
  0.003330
  0.002246
  0.002538
  0.002199
  0.002484
  0.002381
  0.002872
  0.002506
  0.002581
  0.003481
  0.002965
  0.002084
  0.003265
  0.002364
  0.002872
  0.001610
  0.003575
  0.003211
  0.003317
  0.003374
  0.003280
  0.003778
  0.003516
  0.003206
  0.003088
  0.002016
  0.002370
  0.002583
  0.002942
  0.002606
  0.001941
  0.001653
  0.001511
  0.001495
  0.001462
  0.001446
  0.002285
  0.001465
  0.003153
  0.001155
  0.002412
  0.002502
  0.001281
  0.000442
  0.001027
  0.000713
  0.000965
  0.000284
  0.001360
  0.001174
  0.001142
  0.001105
  0.001721
  0.002044
  0.001133
  0.001206
  0.001630
  0.001842
  0.001956
  0.001795
  0.001591
  0.000398
  0.001209
  0.000565
  0.000512
  0.000314
  0.001659
  0.001455
  0.001357
  0.001311
  0.001214
  0.001189
  0.001907
  0.002393
  0.001903
  0.001275
  0.001261
  0.001331
  0.001985
  0.000311
  0.001045
  0.000650
  0.000627
  0.000346
  0.002899
  0.002433
  0.001867
  0.002513
  0.002502
  0.002317
  0.001657
  0.002220
  0.003301
  0.002379
  0.002202
  0.003192
  0.002181
  0.000502
  0.000917
  0.000811
  0.000440
  0.000387
  0.003130
  0.002583
  0.001975
  0.002715
  0.002903
  0.002798
  0.002065
  0.002928
  0.003631
  0.003047
  0.003225
  0.002974
  0.001820
  0.000526
  0.001378
  0.000754
  0.000739
  0.000480
  0.002237
  0.001920
  0.001443
  0.001779
  0.001821
  0.001663
  0.001365
  0.001768
  0.002177
  0.001471
  0.001448
  0.001573
  0.002323
  0.000585
  0.001108
  0.000907
  0.000803
  0.000515
  0.003458
  0.002740
  0.002098
  0.003095
  0.002719
  0.003376
  0.003190
  0.003218
  0.002621
  0.003316
  0.002761
  0.003428
  0.002798
  0.000480
  0.000987
  0.001035
  0.000692
  0.000550
  0.003366
  0.003037
  0.002193
  0.002884
  0.003154
  0.003141
  0.002955
  0.002519
  0.002331
  0.002107
  0.001741
  0.002064
  0.002678
  0.000717
  0.001448
  0.000975
  0.000861
  0.000674
  0.002454
  0.002073
  0.001643
  0.002286
  0.002121
  0.001860
  0.002493
  0.001982
  0.003862
  0.002685
  0.003005
  0.002321
  0.002545
  0.000657
  0.001293
  0.001135
  0.001058
  0.000785
  0.002727
  0.002255
  0.001765
  0.002039
  0.002280
  0.002540
  0.002785
  0.002744
  0.002893
  0.002917
  0.002585
  0.002700
  0.002886
  0.000610
  0.001142
  0.001097
  0.000898
  0.000932
