  0.000138
  0.000323
  0.000157
  0.000212
  0.000328
  0.000425
  0.000438
  0.000358
  0.000430
  0.000293
  0.000380
  0.000377
  0.000369
  0.000129
  0.000252
  0.000270
  0.000422
  0.000147
  0.000264
  0.000403
  0.000641
  0.000303
  0.000376
  0.000405
  0.000375
  0.000582
  0.000494
  0.000194
  0.000323
  0.000421
  0.000446
  0.000115
  0.000323
  0.000155
  0.000201
  0.000312
  0.000421
  0.000436
  0.000337
  0.000424
  0.000254
  0.000303
  0.000376
  0.000334
  0.000118
  0.000217
  0.000269
  0.000338
  0.000138
  0.000251
  0.000325
  0.000530
  0.000291
  0.000376
  0.000405
  0.000352
  0.000544
  0.000487
  0.000165
  0.000260
  0.000413
  0.000448
  0.000172
  0.000420
  0.000172
  0.000254
  0.000638
  0.000589
  0.000470
  0.000411
  0.000496
  0.000318
  0.000345
  0.000415
  0.000411
  0.000152
  0.000321
  0.000291
  0.000448
  0.000149
  0.000295
  0.000394
  0.000693
  0.000327
  0.000395
  0.000462
  0.000388
  0.000862
  0.000526
  0.000192
  0.000313
  0.000447
  0.000469
  0.000186
  0.000478
  0.000218
  0.000285
  0.000510
  0.000674
  0.000580
  0.000463
  0.000492
  0.000461
  0.000395
  0.000412
  0.000507
  0.000146
  0.000345
  0.000290
  0.000461
  0.000172
  0.000344
  0.000447
  0.000789
  0.000408
  0.000433
  0.000504
  0.000431
  0.000954
  0.000575
  0.000202
  0.000364
  0.000449
  0.000498
  0.000186
  0.000480
  0.000239
  0.000318
  0.000605
  0.000674
  0.000580
  0.000509
  0.000574
  0.000398
  0.000415
  0.000435
  0.000477
  0.000159
  0.000348
  0.000303
  0.000481
  0.000226
  0.000377
  0.000591
  0.000859
  0.000465
  0.000495
  0.000496
  0.000515
  0.001144
  0.000729
  0.000230
  0.000435
  0.000476
  0.000612
  0.000241
  0.000529
  0.000274
  0.000339
  0.000712
  0.000764
  0.000685
  0.000559
  0.000615
  0.000532
  0.000506
  0.000499
  0.000533
  0.000191
  0.000498
  0.000401
  0.000627
  0.000278
  0.000476
  0.000686
  0.000937
  0.000533
  0.000568
  0.000568
  0.000598
  0.001204
  0.000882
  0.000303
  0.000606
  0.000580
  0.000766
  0.000233
  0.000535
  0.000289
  0.000351
  0.000748
  0.000793
  0.000804
  0.000734
  0.000671
  0.000623
  0.000604
  0.000540
  0.000611
  0.000228
  0.000600
  0.000418
  0.000754
  0.000281
  0.000490
  0.000680
  0.000954
  0.000594
  0.000557
  0.000650
  0.000636
  0.001234
  0.000917
  0.000316
  0.000726
  0.000626
  0.000777
  0.000220
  0.000490
  0.000271
  0.000340
  0.000733
  0.000693
  0.000597
  0.000516
  0.000580
  0.000428
  0.000471
  0.000478
  0.000521
  0.000167
  0.000392
  0.000319
  0.000631
  0.000255
  0.000446
  0.000608
  0.000922
  0.000499
  0.000492
  0.000522
  0.000555
  0.001191
  0.000728
  0.000299
  0.000446
  0.000497
  0.000699
  0.000289
  0.000571
  0.000319
  0.000404
  0.000822
  0.000863
  0.000917
  0.000852
  0.000868
  0.000710
  0.000683
  0.000585
  0.000622
  0.000268
  0.000619
  0.000440
  0.000803
  0.000298
  0.000516
  0.000706
  0.001057
  0.000608
  0.000646
  0.000683
  0.000724
  0.001286
  0.000992
  0.000363
  0.000761
  0.000639
  0.000846
  0.000244
  0.000533
  0.000300
  0.000363
  0.000752
  0.000772
  0.000823
  0.000752
  0.000866
  0.000646
  0.000706
  0.000564
  0.000578
  0.000234
  0.000601
  0.000433
  0.000743
  0.000283
  0.000495
  0.000706
  0.001009
  0.000589
  0.000565
  0.000685
  0.000648
  0.001293
  0.000942
  0.000338
  0.000712
  0.000646
  0.000776
  0.000374
  0.000232
  0.000406
  0.000119
  0.000292
  0.000362
  0.000375
  0.000404
  0.000403
  0.000319
  0.000326
  0.000208
  0.000344
  0.000379
  0.000250
  0.000319
  0.000430
  0.000312
  0.000417
  0.000241
  0.000395
  0.000146
  0.000468
  0.000390
  0.000416
  0.000461
  0.000402
  0.000321
  0.000386
  0.000210
  0.000392
  0.000408
  0.000338
  0.000413
  0.000482
  0.000347
  0.000613
  0.000463
  0.000779
  0.000221
  0.000773
  0.000762
  0.000842
  0.000697
  0.000786
  0.000517
  0.000717
  0.000462
  0.000734
  0.000794
  0.000746
  0.000617
  0.000889
  0.000876
  0.000439
  0.000285
  0.000433
  0.000162
  0.000441
  0.000431
  0.000461
  0.000513
  0.000492
  0.000353
  0.000419
  0.000231
  0.000415
  0.000396
  0.000340
  0.000397
  0.000538
  0.000404
  0.000438
  0.000310
  0.000550
  0.000161
  0.000487
  0.000414
  0.000448
  0.000556
  0.000526
  0.000347
  0.000464
  0.000245
  0.000403
  0.000480
  0.000371
  0.000422
  0.000536
  0.000433
  0.000536
  0.000383
  0.000579
  0.000194
  0.000632
  0.000579
  0.000613
  0.000651
  0.000667
  0.000435
  0.000612
  0.000392
  0.000584
  0.000624
  0.000613
  0.000543
  0.000729
  0.000654
  0.000556
  0.000400
  0.000583
  0.000207
  0.000719
  0.000741
  0.000760
  0.000672
  0.000780
  0.000489
  0.000650
  0.000426
  0.000720
  0.000767
  0.000653
  0.000543
  0.000846
  0.000835
  0.000455
  0.000331
  0.000546
  0.000190
  0.000500
  0.000475
  0.000488
  0.000596
  0.000521
  0.000373
  0.000529
  0.000297
  0.000465
  0.000501
  0.000478
  0.000439
  0.000548
  0.000432
  0.000541
  0.000342
  0.000535
  0.000201
  0.000596
  0.000535
  0.000543
  0.000632
  0.000568
  0.000415
  0.000529
  0.000317
  0.000541
  0.000594
  0.000603
  0.000547
  0.000609
  0.000537
  0.000600
  0.000430
  0.000616
  0.000216
  0.000818
  0.000774
  0.000765
  0.000684
  0.000780
  0.000489
  0.000682
  0.000446
  0.000747
  0.000776
  0.000721
  0.000595
  0.000864
  0.000895
