  0.002066
  0.003653
  0.002035
  0.004027
  0.004097
  0.004422
  0.004482
  0.006021
  0.005444
  0.004579
  0.005290
  0.003838
  0.004027
  0.003516
  0.004125
  0.006409
  0.009232
  0.007658
  0.005490
  0.004048
  0.006597
  0.012699
  0.004605
  0.004178
  0.004017
  0.006005
  0.005886
  0.011121
  0.005386
  0.001367
  0.003083
  0.003644
  0.006789
  0.003117
  0.007808
  0.003845
  0.007874
  0.008241
  0.008681
  0.009136
  0.008434
  0.008443
  0.007651
  0.007700
  0.005905
  0.008287
  0.007868
  0.004738
  0.007852
  0.008022
  0.007949
  0.009481
  0.008694
  0.008939
  0.009104
  0.008492
  0.008681
  0.006918
  0.008230
  0.006470
  0.002386
  0.007171
  0.004471
  0.009920
  0.003989
  0.008889
  0.004576
  0.009382
  0.010574
  0.010756
  0.011516
  0.011674
  0.011068
  0.010097
  0.011169
  0.007061
  0.010583
  0.004890
  0.011668
  0.009722
  0.009917
  0.010173
  0.012420
  0.010671
  0.005032
  0.010891
  0.011404
  0.011314
  0.008066
  0.011323
  0.007637
  0.001474
  0.009078
  0.004756
  0.010811
  0.004243
  0.009006
  0.005010
  0.009869
  0.011355
  0.005429
  0.011759
  0.012108
  0.011453
  0.010375
  0.011780
  0.007205
  0.012370
  0.011629
  0.012085
  0.010373
  0.009881
  0.010412
  0.013869
  0.011612
  0.012604
  0.012325
  0.012136
  0.011747
  0.008490
  0.012132
  0.008039
  0.003471
  0.009215
  0.004863
  0.011748
  0.004466
  0.009490
  0.005184
  0.010246
  0.012006
  0.012653
  0.011968
  0.012799
  0.011700
  0.010675
  0.013551
  0.007555
  0.012768
  0.012308
  0.012877
  0.010439
  0.010144
  0.010762
  0.014231
  0.012313
  0.012462
  0.012747
  0.013367
  0.011880
  0.008269
  0.013042
  0.008433
  0.004009
  0.009468
  0.001717
  0.009273
  0.003425
  0.008529
  0.004726
  0.010351
  0.012674
  0.011168
  0.010028
  0.009051
  0.008579
  0.006717
  0.005575
  0.003868
  0.012915
  0.008480
  0.005561
  0.004871
  0.010254
  0.005189
  0.005995
  0.005773
  0.005554
  0.006614
  0.005225
  0.006469
  0.006148
  0.011839
  0.003720
  0.001576
  0.007569
  0.002173
  0.004933
  0.002220
  0.005018
  0.002784
  0.005790
  0.005257
  0.006783
  0.005538
  0.005602
  0.005060
  0.005037
  0.005226
  0.004575
  0.004959
  0.005183
  0.006099
  0.004970
  0.005061
  0.004932
  0.006275
  0.005642
  0.006298
  0.013101
  0.005447
  0.006292
  0.006093
  0.013424
  0.007969
  0.001780
  0.004226
  0.002224
  0.004512
  0.002160
  0.005095
  0.003086
  0.005303
  0.005383
  0.005645
  0.005195
  0.005452
  0.005612
  0.005114
  0.005131
  0.006981
  0.005297
  0.012049
  0.005295
  0.010489
  0.005106
  0.005359
  0.005860
  0.005166
  0.013217
  0.005292
  0.010890
  0.012100
  0.005783
  0.005365
  0.005312
  0.001708
  0.006125
  0.002577
  0.005085
  0.002357
  0.005225
  0.003175
  0.006322
  0.007115
  0.005811
  0.006126
  0.006139
  0.007209
  0.004086
  0.006008
  0.005088
  0.006023
  0.006232
  0.007258
  0.005640
  0.006034
  0.006164
  0.007565
  0.006320
  0.006440
  0.005920
  0.006573
  0.007535
  0.006207
  0.005475
  0.005738
  0.001914
  0.004997
  0.002499
  0.004845
  0.002088
  0.005930
  0.004027
  0.005830
  0.005521
  0.006586
  0.005820
  0.005539
  0.005450
  0.005246
  0.005846
  0.004265
  0.005542
  0.005637
  0.005478
  0.005039
  0.005260
  0.005835
  0.006436
  0.005011
  0.005661
  0.005695
  0.006139
  0.006137
  0.005302
  0.005116
  0.005056
  0.001749
  0.004454
  0.002397
  0.004578
  0.002443
  0.007388
  0.002882
  0.006214
  0.005656
  0.006359
  0.006017
  0.005807
  0.006739
  0.005826
  0.005709
  0.004862
  0.005713
  0.005772
  0.007451
  0.005779
  0.005956
  0.005456
  0.006662
  0.005524
  0.005890
  0.005838
  0.006486
  0.007385
  0.005586
  0.005963
  0.005224
  0.001950
  0.004626
  0.002539
  0.004641
  0.002311
  0.005521
  0.003201
  0.006677
  0.005917
  0.006643
  0.005923
  0.005678
  0.008245
  0.005316
  0.006522
  0.004049
  0.006085
  0.005926
  0.007166
  0.005181
  0.005713
  0.005743
  0.006553
  0.005930
  0.005774
  0.005537
  0.005547
  0.007196
  0.006260
  0.005734
  0.005647
  0.002061
  0.004932
  0.002653
  0.005318
  0.002509
  0.005674
  0.002950
  0.006742
  0.006451
  0.006159
  0.006455
  0.006676
  0.007433
  0.005602
  0.006338
  0.004974
  0.006586
  0.006091
  0.007631
  0.006118
  0.006568
  0.006274
  0.007501
  0.006684
  0.006498
  0.005974
  0.005637
  0.008168
  0.006503
  0.006714
  0.005816
  0.001999
  0.005455
  0.002435
  0.005164
  0.002554
  0.006616
  0.003139
  0.006445
  0.006001
  0.006079
  0.007612
  0.006436
  0.005866
  0.005756
  0.006231
  0.004727
  0.005818
  0.005869
  0.005846
  0.005949
  0.006124
  0.005929
  0.006802
  0.006432
  0.005969
  0.005772
  0.005915
  0.007926
  0.006374
  0.006132
  0.005598
  0.002513
  0.004800
  0.002615
  0.005566
  0.002618
  0.006079
  0.003280
  0.007045
  0.006773
  0.006533
  0.007879
  0.006740
  0.006183
  0.006170
  0.006795
  0.005184
  0.006147
  0.004201
  0.007875
  0.006394
  0.006338
  0.006067
  0.007195
  0.006959
  0.006552
  0.004402
  0.006794
  0.008448
  0.006459
  0.007123
  0.005786
  0.002099
  0.005560
  0.002006
  0.011256
  0.004553
  0.004924
  0.002917
  0.005589
  0.010847
  0.012462
  0.005673
  0.012582
  0.011638
  0.004932
  0.006117
  0.003780
  0.013319
  0.005434
  0.005626
  0.005558
  0.004794
  0.005059
  0.006096
  0.010981
  0.006041
  0.009854
  0.009130
  0.006957
  0.007663
  0.006234
  0.005435
  0.001669
  0.009542
  0.002837
  0.005510
  0.002678
  0.007941
  0.003345
  0.007117
  0.006832
  0.008980
  0.007490
  0.007427
  0.007310
  0.006530
  0.006624
  0.005374
  0.006319
  0.006548
  0.008220
  0.006281
  0.006446
  0.006659
  0.007447
  0.007372
  0.006928
  0.007333
  0.007532
  0.009137
  0.006538
  0.006939
  0.005966
  0.002460
  0.005695
  0.002362
  0.005009
  0.002387
  0.006274
  0.002839
  0.006048
  0.006371
  0.006710
  0.012071
  0.006223
  0.008386
  0.006022
  0.013271
  0.004399
  0.005448
  0.005335
  0.005756
  0.005442
  0.005576
  0.005720
  0.006968
  0.005289
  0.006182
  0.005479
  0.005340
  0.006590
  0.005467
  0.005571
  0.005548
  0.001879
  0.006024
  0.002701
  0.005224
  0.002519
  0.007253
  0.003245
  0.006542
  0.006754
  0.006471
  0.006614
  0.006354
  0.005986
  0.005521
  0.006719
  0.005054
  0.006254
  0.005974
  0.006403
  0.006040
  0.006181
  0.005999
  0.007093
  0.006602
  0.007147
  0.006053
  0.004291
  0.007729
  0.006307
  0.006786
  0.005717
  0.001974
  0.005232
  0.002757
  0.005280
  0.002601
  0.007654
  0.003066
  0.006812
  0.006594
  0.006240
  0.006906
  0.006636
  0.007047
  0.006199
  0.006415
  0.005122
  0.006470
  0.006145
  0.006185
  0.006198
  0.006396
  0.006520
  0.006997
  0.007634
  0.006382
  0.006514
  0.007400
  0.007613
  0.006440
  0.007044
  0.005682
  0.002029
  0.005139
  0.001852
  0.005452
  0.002640
  0.008080
  0.003375
  0.007629
  0.006944
  0.006295
  0.007192
  0.007003
  0.006521
  0.006359
  0.006935
  0.005325
  0.006673
  0.006293
  0.007762
  0.006567
  0.006807
  0.006459
  0.007276
  0.006772
  0.006625
  0.006131
  0.007149
  0.008566
  0.006608
  0.006513
  0.005866
  0.002231
  0.005820
  0.002801
  0.006109
  0.002870
  0.006837
  0.003393
  0.006878
  0.007037
  0.007472
  0.007380
  0.006812
  0.007546
  0.006487
  0.006839
  0.005224
  0.006879
  0.006341
  0.006495
  0.006490
  0.006669
  0.006740
  0.007387
  0.006899
  0.007007
  0.006333
  0.007804
  0.008815
  0.006574
  0.007189
  0.005929
  0.002123
  0.005629
  0.002993
  0.006344
  0.002773
  0.006981
  0.003417
  0.007447
  0.007942
  0.006895
  0.007752
  0.007174
  0.007821
  0.006878
  0.007194
  0.005424
  0.006751
  0.006466
  0.006855
  0.006757
  0.006741
  0.006850
  0.009248
  0.007737
  0.007486
  0.006729
  0.007279
  0.008883
  0.006707
  0.007387
  0.006101
  0.002562
  0.006853
  0.002876
  0.005628
  0.002730
  0.007740
  0.003533
  0.006939
  0.007202
  0.007626
  0.008146
  0.007563
  0.007632
  0.007031
  0.007127
  0.005467
  0.006854
  0.006618
  0.008307
  0.006999
  0.006910
  0.007344
  0.007634
  0.007014
  0.007803
  0.007098
  0.007643
  0.008286
  0.007009
  0.007602
  0.006043
  0.002174
  0.005977
  0.005034
  0.005879
  0.002809
  0.006452
  0.003590
  0.007205
  0.007505
  0.007851
  0.008340
  0.007863
  0.004277
  0.006811
  0.007904
  0.005612
  0.007113
  0.006969
  0.007074
  0.006964
  0.007131
  0.007065
  0.007906
  0.007444
  0.008367
  0.006849
  0.007969
  0.007998
  0.006626
  0.007769
  0.005992
  0.002188
  0.006554
  0.002922
  0.005448
  0.002708
  0.007859
  0.003247
  0.007274
  0.007263
  0.007372
  0.007006
  0.006934
  0.006378
  0.006643
  0.007069
  0.005268
  0.007039
  0.006879
  0.006661
  0.006827
  0.006988
  0.006946
  0.008012
  0.007074
  0.007239
  0.006429
  0.007030
  0.007821
  0.006731
  0.007249
  0.005906
  0.002486
  0.006739
  0.003042
  0.006229
  0.002838
  0.007515
  0.003549
  0.007922
  0.007329
  0.007182
  0.008022
  0.007695
  0.006607
  0.007099
  0.007407
  0.005543
  0.007401
  0.007130
  0.007994
  0.007254
  0.007444
  0.007128
  0.008250
  0.007928
  0.007382
  0.006958
  0.008760
  0.005544
  0.006655
  0.004320
  0.006263
  0.002366
  0.006210
  0.003079
  0.006505
  0.002922
  0.007617
  0.003449
  0.007820
  0.008029
  0.007740
  0.004449
  0.008101
  0.007148
  0.007264
  0.007349
  0.005571
  0.007698
  0.004402
  0.008090
  0.004218
  0.007354
  0.007644
  0.008756
  0.008065
  0.007671
  0.007201
  0.008230
  0.008093
  0.006685
  0.007663
  0.006138
  0.002288
  0.006439
  0.003155
  0.006013
  0.002968
  0.008187
  0.003501
  0.007547
  0.007376
  0.008026
  0.008402
  0.007796
  0.008045
  0.007203
  0.007249
  0.005504
  0.006974
  0.007228
  0.008365
  0.007453
  0.007067
  0.007184
  0.008159
  0.007974
  0.008280
  0.007419
  0.008548
  0.008926
  0.007148
  0.007297
  0.006224
  0.002584
  0.006350
  0.003559
  0.006608
  0.002945
  0.007902
  0.003674
  0.007967
  0.007450
  0.008180
  0.008618
  0.008218
  0.007897
  0.004292
  0.007473
  0.003072
  0.004309
  0.007448
  0.008497
  0.007084
  0.007879
  0.007242
  0.009331
  0.008171
  0.007946
  0.007610
  0.008612
  0.009261
  0.006818
  0.007531
  0.006193
  0.002255
  0.006783
  0.003419
  0.006864
  0.003038
  0.007707
  0.003769
  0.007773
  0.007806
  0.008883
  0.009241
  0.008541
  0.007682
  0.007550
  0.004328
  0.005753
  0.007537
  0.007717
  0.008780
  0.007730
  0.007699
  0.008038
  0.008665
  0.008451
  0.008486
  0.007957
  0.008299
  0.008516
  0.006852
  0.007999
  0.006348
  0.002633
  0.006994
  0.003110
  0.007617
  0.003188
  0.008120
  0.003475
  0.007337
  0.008109
  0.008319
  0.008579
  0.008143
  0.007956
  0.007501
  0.007289
  0.005791
  0.008157
  0.007333
  0.008671
  0.007190
  0.007302
  0.007298
  0.008361
  0.008387
  0.008707
  0.007825
  0.007882
  0.009692
  0.007070
  0.007457
  0.006669
  0.002535
  0.006634
  0.003371
  0.007150
  0.001734
  0.007575
  0.003602
  0.008587
  0.008352
  0.008753
  0.009309
  0.007973
  0.006907
  0.007457
  0.007532
  0.006205
  0.007511
  0.007561
  0.008726
  0.007525
  0.007182
  0.007575
  0.008994
  0.008286
  0.008167
  0.007731
  0.008077
  0.008393
  0.006754
  0.007915
  0.006306
  0.002342
  0.006953
  0.003526
  0.007442
  0.003148
  0.008213
  0.003820
  0.007693
  0.008514
  0.009168
  0.009370
  0.008732
  0.008770
  0.007694
  0.008744
  0.005916
  0.007905
  0.008244
  0.009434
  0.008146
  0.008127
  0.007783
  0.009528
  0.009090
  0.009200
  0.008218
  0.008841
  0.009076
  0.007229
  0.009354
  0.004115
  0.002671
  0.007138
  0.003279
  0.006699
  0.002990
  0.007789
  0.003687
  0.008012
  0.007537
  0.008435
  0.009047
  0.008313
  0.008321
  0.007347
  0.008812
  0.005869
  0.008134
  0.007779
  0.008591
  0.007349
  0.007813
  0.007506
  0.008523
  0.008510
  0.008069
  0.008019
  0.008683
  0.008622
  0.006779
  0.008519
  0.006434
  0.002315
  0.006909
  0.003257
  0.007248
  0.003272
  0.008146
  0.003796
  0.007728
  0.008750
  0.004968
  0.008773
  0.008620
  0.008544
  0.007944
  0.007968
  0.006024
  0.008659
  0.007994
  0.009067
  0.008101
  0.007948
  0.007821
  0.009689
  0.008881
  0.009563
  0.008394
  0.008945
  0.009032
  0.006980
  0.008733
  0.006521
  0.002605
  0.007095
  0.003202
  0.003940
  0.003093
  0.008167
  0.003718
  0.007495
  0.008431
  0.008534
  0.008691
  0.008365
  0.008091
  0.007595
  0.007643
  0.005667
  0.008002
  0.008565
  0.009384
  0.007946
  0.007539
  0.007404
  0.008869
  0.008576
  0.008593
  0.009037
  0.008387
  0.008739
  0.007037
  0.008066
  0.006380
  0.002399
  0.006687
  0.003683
  0.007005
  0.003062
  0.008021
  0.003750
  0.007388
  0.008683
  0.009058
  0.008935
  0.008684
  0.008490
  0.007805
  0.007592
  0.006094
  0.008411
  0.008146
  0.009117
  0.007793
  0.008066
  0.007691
  0.009140
  0.009020
  0.008762
  0.008473
  0.009449
  0.008978
  0.006890
  0.008115
  0.006567
  0.002705
  0.007050
  0.003311
  0.007074
  0.003316
  0.008463
  0.003899
  0.008058
  0.004727
  0.009190
  0.009542
  0.004863
  0.008625
  0.007744
  0.009242
  0.005945
  0.008716
  0.008731
  0.009538
  0.008045
  0.007735
  0.007741
  0.010910
  0.008781
  0.009280
  0.008930
  0.009272
  0.009558
  0.006946
  0.008168
  0.006600
  0.002655
  0.007689
  0.003494
  0.008593
  0.003240
  0.008234
  0.002587
  0.008106
  0.009112
  0.009481
  0.009672
  0.008976
  0.008807
  0.008002
  0.008291
  0.006306
  0.010137
  0.008369
  0.009175
  0.008303
  0.008273
  0.007861
  0.009780
  0.009219
  0.008842
  0.008310
  0.004532
  0.009784
  0.007194
  0.008950
  0.006903
  0.002692
  0.003251
  0.003858
  0.007732
  0.003478
  0.008346
  0.003961
  0.008701
  0.009043
  0.009709
  0.010806
  0.009299
  0.009035
  0.008314
  0.009542
  0.006682
  0.010000
  0.009371
  0.009286
  0.008623
  0.008312
  0.008474
  0.009930
  0.009473
  0.009362
  0.008664
  0.009540
  0.010411
  0.004558
  0.009034
  0.006829
  0.002742
  0.007839
  0.003779
  0.007820
  0.001812
  0.008367
  0.003979
  0.008153
  0.009774
  0.009814
  0.009722
  0.009232
  0.008872
  0.008714
  0.008539
  0.006621
  0.009696
  0.008807
  0.008885
  0.008475
  0.004463
  0.007991
  0.005215
  0.004569
  0.009618
  0.008517
  0.009340
  0.009920
  0.007326
  0.009250
  0.007017
  0.002848
  0.008050
  0.003615
  0.007356
  0.003165
  0.004360
  0.003871
  0.008459
  0.008619
  0.009331
  0.009937
  0.009106
  0.008729
  0.008049
  0.007841
  0.006269
  0.008569
  0.009296
  0.008831
  0.008212
  0.008182
  0.007902
  0.010447
  0.009278
  0.009459
  0.008582
  0.009007
  0.010330
  0.007167
  0.008647
  0.006624
  0.002781
  0.007218
  0.003727
  0.008302
  0.003354
  0.008332
  0.004052
  0.008616
  0.008819
  0.009629
  0.009617
  0.009178
  0.008940
  0.008092
  0.008978
  0.006345
  0.008882
  0.009163
  0.009799
  0.008352
  0.008231
  0.008316
  0.010240
  0.009427
  0.009104
  0.008825
  0.008890
  0.010039
  0.007258
  0.009147
  0.006699
  0.002724
  0.007944
  0.003452
  0.007681
  0.003449
  0.008275
  0.003930
  0.008528
  0.008891
  0.009396
  0.009774
  0.008895
  0.008667
  0.008174
  0.007774
  0.006242
  0.009045
  0.008975
  0.009023
  0.008264
  0.008357
  0.008096
  0.009855
  0.009002
  0.009009
  0.008168
  0.009220
  0.010187
  0.007111
  0.008811
  0.006646
  0.002905
  0.007273
  0.003906
  0.008527
  0.003403
  0.008511
  0.004139
  0.008813
  0.009321
  0.010082
  0.010632
  0.009516
  0.004578
  0.008412
  0.009739
  0.006713
  0.009945
  0.009062
  0.009590
  0.009050
  0.008436
  0.004468
  0.010115
  0.009520
  0.009957
  0.009335
  0.009179
  0.011125
  0.007354
  0.009560
  0.007099
  0.002828
  0.008260
  0.003753
  0.008023
  0.003289
  0.008401
  0.004003
  0.008675
  0.008982
  0.009763
  0.009821
  0.009402
  0.009083
  0.008133
  0.009125
  0.006597
  0.008975
  0.008672
  0.009487
  0.008393
  0.008484
  0.008586
  0.010047
  0.009334
  0.004824
  0.009258
  0.009061
  0.010525
  0.007457
  0.009464
  0.006785
  0.002762
  0.007743
  0.003342
  0.004704
  0.001680
  0.004713
  0.002468
  0.005971
  0.006268
  0.009277
  0.004267
  0.010771
  0.004021
  0.005444
  0.008432
  0.002837
  0.005101
  0.004046
  0.004371
  0.003929
  0.004102
  0.008839
  0.010705
  0.004235
  0.010142
  0.005398
  0.011687
  0.006842
  0.005974
  0.004006
  0.006727
  0.003991
  0.008594
  0.003800
  0.008399
  0.003380
  0.008492
  0.004119
  0.008861
  0.009601
  0.009884
  0.009874
  0.009481
  0.009379
  0.008872
  0.010011
  0.006392
  0.010095
  0.009439
  0.009338
  0.008757
  0.008666
  0.008652
  0.010179
  0.009623
  0.010094
  0.009171
  0.009500
  0.010741
  0.007305
  0.009916
  0.006978
  0.002816
  0.008138
  0.003968
  0.008156
  0.003606
  0.008437
  0.004072
  0.008739
  0.009523
  0.009952
  0.004675
  0.009347
  0.008985
  0.008365
  0.009007
  0.006368
  0.008893
  0.008901
  0.009711
  0.008527
  0.008395
  0.008919
  0.010343
  0.009379
  0.009507
  0.004676
  0.009625
  0.010652
  0.007420
  0.010502
  0.006756
  0.002798
  0.008352
  0.004119
  0.008657
  0.003572
  0.008544
  0.004193
  0.004740
  0.009388
  0.010044
  0.010076
  0.009573
  0.009480
  0.008954
  0.009412
  0.006438
  0.009134
  0.009225
  0.009668
  0.004504
  0.008566
  0.008767
  0.010821
  0.009805
  0.009860
  0.009736
  0.010553
  0.010784
  0.007437
  0.009817
  0.007400
  0.002885
  0.008566
  0.003880
  0.008717
  0.003635
  0.008588
  0.004269
  0.009321
  0.010387
  0.010454
  0.010136
  0.010466
  0.009680
  0.009254
  0.009634
  0.006827
  0.009219
  0.009545
  0.009840
  0.008956
  0.008715
  0.010030
  0.010646
  0.009959
  0.010030
  0.009451
  0.009899
  0.010874
  0.007546
  0.010092
  0.007433
  0.002944
  0.008702
  0.004160
  0.009328
  0.003520
  0.008718
  0.004215
  0.008981
  0.009288
  0.009997
  0.010504
  0.009671
  0.009816
  0.009075
  0.010194
  0.003278
  0.009300
  0.009728
  0.010128
  0.008808
  0.009217
  0.009051
  0.011257
  0.009751
  0.009680
  0.009515
  0.010464
  0.010903
  0.007562
  0.009761
  0.007153
  0.002920
  0.003407
  0.004039
  0.008968
  0.003699
  0.008628
  0.004250
  0.009009
  0.009965
  0.010503
  0.010720
  0.010705
  0.010560
  0.009359
  0.004519
  0.006491
  0.010047
  0.010005
  0.010624
  0.008893
  0.009005
  0.009648
  0.011549
  0.010199
  0.011432
  0.009634
  0.010058
  0.011094
  0.004915
  0.010399
  0.007234
  0.003116
  0.008674
  0.003831
  0.007918
  0.003493
  0.008570
  0.004159
  0.008766
  0.009712
  0.010164
  0.009989
  0.009790
  0.010058
  0.008781
  0.009342
  0.006411
  0.010229
  0.009499
  0.009633
  0.008578
  0.008525
  0.009155
  0.010520
  0.009864
  0.010433
  0.009394
  0.009400
  0.010695
  0.007493
  0.009628
  0.007055
  0.002869
  0.008513
  0.003939
  0.009217
  0.003535
  0.008829
  0.004315
  0.008911
  0.009469
  0.010134
  0.010682
  0.009620
  0.009571
  0.009155
  0.010273
  0.006459
  0.009365
  0.009593
  0.009749
  0.008858
  0.008611
  0.009781
  0.010769
  0.009912
  0.009786
  0.009683
  0.012314
  0.010830
  0.007470
  0.009728
  0.007458
  0.002961
  0.008621
  0.004201
  0.009016
  0.003716
  0.008613
  0.004180
  0.009179
  0.010086
  0.010211
  0.010945
  0.010107
  0.010171
  0.004660
  0.009855
  0.006529
  0.009420
  0.009853
  0.010411
  0.008720
  0.008784
  0.010111
  0.011310
  0.010184
  0.010694
  0.009589
  0.010133
  0.011166
  0.007532
  0.010600
  0.007336
  0.002975
  0.009035
  0.004266
  0.008849
  0.003794
  0.008670
  0.004368
  0.009061
  0.010195
  0.010323
  0.011064
  0.010357
  0.010385
  0.009432
  0.010108
  0.006509
  0.009760
  0.009739
  0.010524
  0.009639
  0.009255
  0.009509
  0.011010
  0.010019
  0.010490
  0.010016
  0.010231
  0.011046
  0.007604
  0.010339
  0.007301
  0.002993
  0.008725
  0.004063
  0.004081
  0.003676
  0.008738
  0.004229
  0.009121
  0.010130
  0.010363
  0.010772
  0.010175
  0.011220
  0.009502
  0.010472
  0.006580
  0.009877
  0.004640
  0.010309
  0.009105
  0.009149
  0.009741
  0.011155
  0.010314
  0.010198
  0.009914
  0.010333
  0.010926
  0.007688
  0.010741
  0.007193
  0.003090
  0.008968
  0.004011
  0.009145
  0.003661
  0.008697
  0.004332
  0.009086
  0.009881
  0.010266
  0.010587
  0.009718
  0.009904
  0.009964
  0.010339
  0.006475
  0.009552
  0.009892
  0.009886
  0.008675
  0.008751
  0.009277
  0.010964
  0.010073
  0.010552
  0.009783
  0.009582
  0.011002
  0.007513
  0.010186
  0.007483
  0.003017
  0.008762
  0.004091
  0.009079
  0.003818
  0.008646
  0.004350
  0.009147
  0.010437
  0.010601
  0.010998
  0.010252
  0.010775
  0.009718
  0.010521
  0.006563
  0.010435
  0.010287
  0.011358
  0.009146
  0.009418
  0.009911
  0.011830
  0.010253
  0.010266
  0.010064
  0.010724
  0.010950
  0.007581
  0.010878
  0.007561
  0.003048
  0.008819
  0.004138
  0.008902
  0.003736
  0.008813
  0.004296
  0.009280
  0.010247
  0.010801
  0.011180
  0.011106
  0.010609
  0.009628
  0.010411
  0.006547
  0.010492
  0.010057
  0.011457
  0.009005
  0.009346
  0.009359
  0.011059
  0.010530
  0.010315
  0.009971
  0.010812
  0.011260
  0.007809
  0.010944
  0.007512
  0.003158
  0.008880
  0.004230
  0.009555
  0.003858
  0.008786
  0.004408
  0.009209
  0.010667
  0.011250
  0.011679
  0.010634
  0.010658
  0.009877
  0.010956
  0.006763
  0.010293
  0.010374
  0.011608
  0.009667
  0.009552
  0.009601
  0.012182
  0.010452
  0.011867
  0.010662
  0.011056
  0.011373
  0.007709
  0.011073
  0.007535
  0.003233
  0.008994
  0.004391
  0.009496
  0.003756
  0.008763
  0.004531
  0.009437
  0.010340
  0.010405
  0.010880
  0.010567
  0.010702
  0.009791
  0.011027
  0.006917
  0.010177
  0.010239
  0.011147
  0.009189
  0.009382
  0.009708
  0.011211
  0.010578
  0.010374
  0.010418
  0.004726
  0.011203
  0.007624
  0.010807
  0.007269
  0.003133
  0.008895
  0.004292
  0.009442
  0.001891
  0.008870
  0.004506
  0.009243
  0.010525
  0.010710
  0.010843
  0.010913
  0.010815
  0.009926
  0.010829
  0.006741
  0.010394
  0.010097
  0.011251
  0.009697
  0.009528
  0.009980
  0.011501
  0.010405
  0.011797
  0.010521
  0.011146
  0.011289
  0.007740
  0.011192
  0.007602
  0.003277
  0.009127
  0.004335
  0.009376
  0.003776
  0.008906
  0.004387
  0.009511
  0.010292
  0.010549
  0.011138
  0.005101
  0.011249
  0.010002
  0.011305
  0.006960
  0.010677
  0.009958
  0.010827
  0.009448
  0.009442
  0.009564
  0.011394
  0.010359
  0.010601
  0.010160
  0.011224
  0.011229
  0.007838
  0.011237
  0.007371
  0.003209
  0.008922
  0.004308
  0.009600
  0.003980
  0.008930
  0.004446
  0.009476
  0.005015
  0.005283
  0.004784
  0.011019
  0.010981
  0.010059
  0.011233
  0.007119
  0.010346
  0.010452
  0.010940
  0.009765
  0.009574
  0.009860
  0.005458
  0.010628
  0.010993
  0.010706
  0.011313
  0.011344
  0.007872
  0.011432
  0.007581
  0.003258
  0.009059
  0.004251
  0.009663
  0.003837
  0.008852
  0.004427
  0.009346
  0.010479
  0.010665
  0.011644
  0.011294
  0.010886
  0.009844
  0.010587
  0.006800
  0.004612
  0.010136
  0.010741
  0.009593
  0.009494
  0.009815
  0.011455
  0.010492
  0.011053
  0.004847
  0.010647
  0.011442
  0.007774
  0.004537
  0.007841
  0.003191
  0.008942
  0.005055
  0.007591
  0.003008
  0.009098
  0.002752
  0.005437
  0.009168
  0.005933
  0.009444
  0.005353
  0.010314
  0.004820
  0.010650
  0.005711
  0.007805
  0.013080
  0.013099
  0.004784
  0.005830
  0.004767
  0.011949
  0.005420
  0.005454
  0.011013
  0.005141
  0.010599
  0.007394
  0.006379
  0.004784
  0.001628
  0.004127
  0.004446
  0.004192
  0.003872
  0.008992
  0.004553
  0.009545
  0.010621
  0.011084
  0.011485
  0.011548
  0.010739
  0.010118
  0.010741
  0.007097
  0.010685
  0.010183
  0.011045
  0.009804
  0.009595
  0.009939
  0.012060
  0.010833
  0.011695
  0.011210
  0.011940
  0.011402
  0.008039
  0.011281
  0.007788
  0.003353
  0.009261
  0.004615
  0.010617
  0.004020
  0.009058
  0.004486
  0.009605
  0.010894
  0.011453
  0.011225
  0.011608
  0.010944
  0.010143
  0.011354
  0.007079
  0.010742
  0.011278
  0.011511
  0.004644
  0.009643
  0.010258
  0.012267
  0.010714
  0.011604
  0.011400
  0.011459
  0.011521
  0.008324
  0.011557
  0.007656
  0.003302
  0.009102
  0.004432
  0.010144
  0.004061
  0.009028
  0.004641
  0.005073
  0.010930
  0.011524
  0.011414
  0.011738
  0.011032
  0.010244
  0.011529
  0.006869
  0.011151
  0.011140
  0.011888
  0.009952
  0.009791
  0.010336
  0.013309
  0.011071
  0.013588
  0.010963
  0.011605
  0.011582
  0.008148
  0.011519
  0.007822
  0.003343
  0.009151
  0.004581
  0.010362
  0.004076
  0.009042
  0.004610
  0.010041
  0.011110
  0.011681
  0.011088
  0.011862
  0.011285
  0.010229
  0.011401
  0.006880
  0.010839
  0.010870
  0.011825
  0.009902
  0.009688
  0.010276
  0.012496
  0.010923
  0.013167
  0.010803
  0.011544
  0.011693
  0.007897
  0.011635
  0.007619
  0.003315
  0.009398
  0.004518
  0.010235
  0.004149
  0.009332
  0.004627
  0.009659
  0.011152
  0.011798
  0.011200
  0.011784
  0.011102
  0.010269
  0.011574
  0.006845
  0.010885
  0.010491
  0.011935
  0.010039
  0.009705
  0.010220
  0.012601
  0.004708
  0.011338
  0.011338
  0.012092
  0.011563
  0.008130
  0.011676
  0.007808
  0.003412
  0.003528
  0.004354
  0.011020
  0.004040
  0.009149
  0.004466
  0.009572
  0.010791
  0.011590
  0.011289
  0.011422
  0.011128
  0.010172
  0.010897
  0.007185
  0.010790
  0.010573
  0.011729
  0.009987
  0.009610
  0.010079
  0.013141
  0.010795
  0.011139
  0.011514
  0.011794
  0.011483
  0.007984
  0.011373
  0.007697
  0.003288
  0.009564
  0.004408
  0.009996
  0.004191
  0.008948
  0.004591
  0.009639
  0.010707
  0.011390
  0.011376
  0.011366
  0.010846
  0.010196
  0.012519
  0.006782
  0.010985
  0.010330
  0.011310
  0.009834
  0.009664
  0.010207
  0.012348
  0.010752
  0.011246
  0.011106
  0.004887
  0.011500
  0.007921
  0.011475
  0.007719
  0.003381
  0.009326
  0.004499
  0.010052
  0.004224
  0.009284
  0.002676
  0.009705
  0.010982
  0.011745
  0.011451
  0.012019
  0.011152
  0.010293
  0.012256
  0.006941
  0.010935
  0.011335
  0.011986
  0.009959
  0.009731
  0.010352
  0.012571
  0.011540
  0.012678
  0.011690
  0.012180
  0.011545
  0.008085
  0.011715
  0.007674
  0.003775
  0.009240
  0.004643
  0.010722
  0.004129
  0.009265
  0.004702
  0.009733
  0.011114
  0.011865
  0.011323
  0.011915
  0.011196
  0.010509
  0.011447
  0.007003
  0.011502
  0.010539
  0.012316
  0.010070
  0.009748
  0.010311
  0.013074
  0.011478
  0.013423
  0.011637
  0.011997
  0.011599
  0.008111
  0.011598
  0.007856
  0.003447
  0.009197
  0.004552
  0.010287
  0.004171
  0.009130
  0.004969
  0.009900
  0.011254
  0.011941
  0.011539
  0.011961
  0.011330
  0.010332
  0.011693
  0.007030
  0.011080
  0.011723
  0.012036
  0.010077
  0.009814
  0.010540
  0.012718
  0.011361
  0.013004
  0.011746
  0.012442
  0.011644
  0.008014
  0.004745
  0.007751
  0.003427
  0.009174
  0.004534
  0.010462
  0.004120
  0.009080
  0.004680
  0.009836
  0.011418
  0.012065
  0.011570
  0.012459
  0.011496
  0.010305
  0.011640
  0.007040
  0.011033
  0.011422
  0.012269
  0.010100
  0.009763
  0.010300
  0.012947
  0.010879
  0.013268
  0.011809
  0.012045
  0.011724
  0.007943
  0.011802
  0.007769
  0.003521
  0.009722
  0.004657
  0.011074
  0.004261
  0.004598
  0.004765
  0.009936
  0.011459
  0.012268
  0.011896
  0.012150
  0.011366
  0.010400
  0.011827
  0.007136
  0.011842
  0.012950
  0.012176
  0.010173
  0.009894
  0.010441
  0.012746
  0.011759
  0.012537
  0.011976
  0.012223
  0.012050
  0.008460
  0.011945
  0.004422
  0.003664
  0.009797
  0.004675
  0.011369
  0.004278
  0.009449
  0.004745
  0.009969
  0.011497
  0.012186
  0.012182
  0.012192
  0.011568
  0.010428
  0.011738
  0.007169
  0.011744
  0.011528
  0.012375
  0.010205
  0.009962
  0.010479
  0.012889
  0.011660
  0.013906
  0.012472
  0.012521
  0.011959
  0.008241
  0.012441
  0.008011
  0.003711
  0.009849
  0.004694
  0.011117
  0.004423
  0.009743
  0.004816
  0.010021
  0.011304
  0.012623
  0.011708
  0.012235
  0.011525
  0.010453
  0.011880
  0.007364
  0.011926
  0.011942
  0.012219
  0.010280
  0.009935
  0.010497
  0.013536
  0.011847
  0.013859
  0.011861
  0.005047
  0.011651
  0.008515
  0.011884
  0.008156
  0.003504
  0.009908
  0.004725
  0.012201
  0.004336
  0.009559
  0.004849
  0.010001
  0.012169
  0.012212
  0.011856
  0.012295
  0.011477
  0.010565
  0.011934
  0.007422
  0.012451
  0.011836
  0.012963
  0.010249
  0.009983
  0.010643
  0.013392
  0.012185
  0.012016
  0.012258
  0.012886
  0.011768
  0.008218
  0.012188
  0.008372
  0.003825
  0.009826
  0.004712
  0.004314
  0.004292
  0.009602
  0.004793
  0.010171
  0.012206
  0.012342
  0.011791
  0.005190
  0.011391
  0.010492
  0.011974
  0.003418
  0.012851
  0.012874
  0.012504
  0.010220
  0.009950
  0.010568
  0.013585
  0.011916
  0.013807
  0.012428
  0.012579
  0.012015
  0.008386
  0.012013
  0.008125
  0.003549
  0.009475
  0.002289
  0.004430
  0.002281
  0.004823
  0.002995
  0.009780
  0.005822
  0.005740
  0.011257
  0.005730
  0.005745
  0.009581
  0.005422
  0.007506
  0.010539
  0.011021
  0.005724
  0.009566
  0.004687
  0.005566
  0.014281
  0.006087
  0.006216
  0.005147
  0.013461
  0.007104
  0.005131
  0.005221
  0.004621
  0.001847
  0.003975
  0.004600
  0.010933
  0.004313
  0.008971
  0.004657
  0.009792
  0.011224
  0.011991
  0.011813
  0.012051
  0.004903
  0.010358
  0.011492
  0.007230
  0.011649
  0.012719
  0.005007
  0.010133
  0.009859
  0.010468
  0.012646
  0.011032
  0.012781
  0.012365
  0.012277
  0.011841
  0.007960
  0.011754
  0.007740
  0.003488
  0.009626
  0.005013
  0.011810
  0.004360
  0.009400
  0.005069
  0.010118
  0.011538
  0.012306
  0.011837
  0.012338
  0.011430
  0.010527
  0.012394
  0.007445
  0.012167
  0.004922
  0.012695
  0.010337
  0.009996
  0.010590
  0.013939
  0.012574
  0.013745
  0.012026
  0.013025
  0.005889
  0.008164
  0.012602
  0.008307
  0.003738
  0.009279
  0.004739
  0.011179
  0.004373
  0.009956
  0.005029
  0.010093
  0.011785
  0.012397
  0.011919
  0.012381
  0.011412
  0.010542
  0.012329
  0.007288
  0.012525
  0.012239
  0.012549
  0.010310
  0.010026
  0.010601
  0.013496
  0.011978
  0.013674
  0.012581
  0.013081
  0.012035
  0.008200
  0.012662
  0.008281
  0.003873
  0.009882
  0.004778
  0.012133
  0.004448
  0.010069
  0.005116
  0.010079
  0.011938
  0.012376
  0.012133
  0.012528
  0.011595
  0.010657
  0.013377
  0.007251
  0.012071
  0.011989
  0.012449
  0.010381
  0.010099
  0.010615
  0.013807
  0.012032
  0.013502
  0.012190
  0.012621
  0.011664
  0.008306
  0.012245
  0.008217
  0.003915
  0.009598
  0.004796
  0.011468
  0.004391
  0.010166
  0.005092
  0.010060
  0.012263
  0.012570
  0.012112
  0.012756
  0.011548
  0.010593
  0.012457
  0.007268
  0.012008
  0.012096
  0.013022
  0.010403
  0.010037
  0.010739
  0.014159
  0.012096
  0.012256
  0.012639
  0.012963
  0.012069
  0.008254
  0.012741
  0.008188
  0.004161
  0.009303
  0.004848
  0.011672
  0.004633
  0.009677
  0.005136
  0.010135
  0.012758
  0.012431
  0.012161
  0.012617
  0.011746
  0.010643
  0.012898
  0.007532
  0.013002
  0.012387
  0.013058
  0.010467
  0.010179
  0.010722
  0.014101
  0.012808
  0.012308
  0.013014
  0.013132
  0.011804
  0.008405
  0.013207
  0.008454
  0.001527
  0.009667
  0.004824
  0.011977
  0.004491
  0.009526
  0.005156
  0.010222
  0.005190
  0.012413
  0.011980
  0.012671
  0.011662
  0.010691
  0.012570
  0.007331
  0.012705
  0.012190
  0.005168
  0.010422
  0.010072
  0.010668
  0.013732
  0.012988
  0.012122
  0.012961
  0.013415
  0.011786
  0.008426
  0.012882
  0.008475
  0.004025
  0.009364
  0.004806
  0.011566
  0.004407
  0.010113
  0.002716
  0.010154
  0.011876
  0.012522
  0.011941
  0.013064
  0.011680
  0.010791
  0.012992
  0.007314
  0.012267
  0.012628
  0.012641
  0.004708
  0.010051
  0.010685
  0.013675
  0.004822
  0.012199
  0.005049
  0.012662
  0.011986
  0.008181
  0.013288
  0.008068
  0.003954
  0.009421
  0.004994
  0.011900
  0.001987
  0.009883
  0.005214
  0.010272
  0.012497
  0.012485
  0.005077
  0.013121
  0.011725
  0.010728
  0.012675
  0.007351
  0.013092
  0.012444
  0.012595
  0.010678
  0.010139
  0.010703
  0.014039
  0.012441
  0.013085
  0.013162
  0.013221
  0.011901
  0.008283
  0.013581
  0.008394
  0.004322
  0.009498
  0.004876
  0.012314
  0.004527
  0.009829
  0.005278
  0.010315
  0.012105
  0.012757
  0.012026
  0.012896
  0.011764
  0.010770
  0.012729
  0.007384
  0.013163
  0.013081
  0.012793
  0.010642
  0.004559
  0.010825
  0.014340
  0.012535
  0.014032
  0.012701
  0.013310
  0.011942
  0.008371
  0.013116
  0.008251
  0.004200
  0.009694
  0.004898
  0.012257
  0.004578
  0.010013
  0.005301
  0.005188
  0.012825
  0.012705
  0.012094
  0.012954
  0.011831
  0.010829
  0.013082
  0.007467
  0.013246
  0.012582
  0.012820
  0.010574
  0.010223
  0.010788
  0.005683
  0.012631
  0.013975
  0.012847
  0.013268
  0.011923
  0.008477
  0.004969
  0.008531
  0.004244
  0.009979
  0.001963
  0.012048
  0.004607
  0.009793
  0.005242
  0.010298
  0.012413
  0.012551
  0.012004
  0.012844
  0.011788
  0.010707
  0.004858
  0.007485
  0.004803
  0.005071
  0.012736
  0.010531
  0.010208
  0.010851
  0.014389
  0.012742
  0.012897
  0.012785
  0.013174
  0.012083
  0.008344
  0.013512
  0.008344
  0.004115
  0.009937
  0.004916
  0.012367
  0.004653
  0.009916
  0.005332
  0.010328
  0.012321
  0.012799
  0.012044
  0.013018
  0.011807
  0.010744
  0.013164
  0.007403
  0.004904
  0.012486
  0.012922
  0.010614
  0.010284
  0.010798
  0.004749
  0.012917
  0.013328
  0.012908
  0.013538
  0.011998
  0.008439
  0.013650
  0.008586
  0.004287
  0.009752
  0.002123
  0.010556
  0.003935
  0.005803
  0.005372
  0.008947
  0.006118
  0.004595
  0.005315
  0.007306
  0.006243
  0.007407
  0.004994
  0.003675
  0.005039
  0.010412
  0.012412
  0.009875
  0.009315
  0.004626
  0.004983
  0.009700
  0.005259
  0.005608
  0.006927
  0.005263
  0.004427
  0.007720
  0.003527
  0.004090
  0.003806
  0.005675
  0.008535
  0.004600
  0.005102
  0.011564
  0.005806
  0.004612
  0.004128
  0.003118
  0.005841
  0.005461
  0.007312
  0.005241
  0.009741
  0.003651
  0.006481
  0.004829
  0.009370
  0.004209

  0.005547
  0.001967
  0.004483
  0.005010
  0.004579
  0.003589
  0.003270
  0.002896
  0.005974
  0.012627
  0.003015
  0.011249
  0.005989
  0.004327
  0.007944
  0.004610
  0.006352
  0.004640

  0.006771
  0.003164
  0.008792
  0.008556
  0.005223
  0.004418
  0.002704
  0.004264
  0.009984
  0.009535
  0.006945
  0.008625
  0.008828
  0.004084
  0.007285
  0.008217
  0.004658
  0.004550

  0.007419
  0.001834
  0.009407
  0.009205
  0.006228
  0.004932
  0.004622
  0.005318
  0.011048
  0.011550
  0.007407
  0.010042
  0.009203
  0.004420
  0.007680
  0.008864
  0.009335
  0.004899

  0.005652
  0.002015
  0.005730
  0.003705
  0.004316
  0.006970
  0.002922
  0.002974
  0.012559
  0.005257
  0.002900
  0.005012
  0.005624
  0.002784
  0.004708
  0.004499
  0.005301
  0.005637

  0.005454
  0.003600
  0.009986
  0.009248
  0.004510
  0.005530
  0.002644
  0.003851
  0.005565
  0.009699
  0.002834
  0.008739
  0.010048
  0.005235
  0.003715
  0.003623
  0.010194
  0.005408

  0.008339
  0.004524
  0.010420
  0.011094
  0.007158
  0.005703
  0.005466
  0.007376
  0.012575
  0.012547
  0.008504
  0.011712
  0.009824
  0.004940
  0.008287
  0.009736
  0.010450
  0.005216

  0.007232
  0.004830
  0.009526
  0.003572
  0.004190
  0.003238
  0.005450
  0.002850
  0.010209
  0.005347
  0.002923
  0.005173
  0.004449
  0.004367
  0.005636
  0.004133
  0.005186
  0.006276

  0.005971
  0.002156
  0.005915
  0.005435
  0.004538
  0.003346
  0.003532
  0.003045
  0.006413
  0.006064
  0.003196
  0.005548
  0.005285
  0.003182
  0.005026
  0.005738
  0.005752
  0.005819

  0.005946
  0.003525
  0.003754
  0.003451
  0.006509
  0.002945
  0.003066
  0.002560
  0.009382
  0.005174
  0.008054
  0.004900
  0.005388
  0.004671
  0.007928
  0.008529
  0.007611
  0.006177

  0.005872
  0.002226
  0.005600
  0.005153
  0.004677
  0.003411
  0.003411
  0.003294
  0.006540
  0.006269
  0.003943
  0.005801
  0.006738
  0.003125
  0.005937
  0.006019
  0.006439
  0.006543

  0.005924
  0.002183
  0.005415
  0.004602
  0.004583
  0.003972
  0.003042
  0.003226
  0.006494
  0.006120
  0.005633
  0.005741
  0.008130
  0.003281
  0.005415
  0.005175
  0.006882
  0.006477

  0.005902
  0.002077
  0.005341
  0.004056
  0.004642
  0.004160
  0.003224
  0.003101
  0.006192
  0.005670
  0.003463
  0.005609
  0.006384
  0.003024
  0.005366
  0.005045
  0.006602
  0.006864

  0.005164
  0.002116
  0.004814
  0.003905
  0.004389
  0.003374
  0.002992
  0.002935
  0.006256
  0.011084
  0.003054
  0.005466
  0.005820
  0.003215
  0.005154
  0.005433
  0.005457
  0.007003

  0.005813
  0.002207
  0.005485
  0.004174
  0.004726
  0.003902
  0.003558
  0.003080
  0.006968
  0.006439
  0.003818
  0.005654
  0.006945
  0.002886
  0.005902
  0.005298
  0.006109
  0.006413

  0.004119
  0.002067
  0.005227
  0.005362
  0.004608
  0.003795
  0.003347
  0.003161
  0.006097
  0.005917
  0.003320
  0.005315
  0.006129
  0.002847
  0.005553
  0.005555
  0.005875
  0.007079

  0.006040
  0.002412
  0.007053
  0.004674
  0.004988
  0.003503
  0.003625
  0.003493
  0.007639
  0.006856
  0.004899
  0.006400
  0.006884
  0.003452
  0.006378
  0.003775
  0.004624
  0.007368

  0.006089
  0.002342
  0.005542
  0.004285
  0.004825
  0.003723
  0.003111
  0.003137
  0.006809
  0.006314
  0.004171
  0.006063
  0.007616
  0.002937
  0.005850
  0.005837
  0.006545
  0.007233

  0.006161
  0.002482
  0.006549
  0.005195
  0.004919
  0.004263
  0.003380
  0.003473
  0.006744
  0.007197
  0.004485
  0.007061
  0.007763
  0.003582
  0.006220
  0.006750
  0.007157
  0.007780

  0.006262
  0.002505
  0.006383
  0.006511
  0.004956
  0.003761
  0.003773
  0.003427
  0.006920
  0.008975
  0.004590
  0.006888
  0.007144
  0.003362
  0.003971
  0.006408
  0.007218
  0.007570

  0.006306
  0.002639
  0.007287
  0.005708
  0.004901
  0.004121
  0.003808
  0.003626
  0.007813
  0.007583
  0.005242
  0.007204
  0.008387
  0.003497
  0.006780
  0.007049
  0.007341
  0.007684

  0.006064
  0.002525
  0.006888
  0.004829
  0.004792
  0.003827
  0.003698
  0.003451
  0.007530
  0.006738
  0.004801
  0.006221
  0.007372
  0.003339
  0.006087
  0.005906
  0.006800
  0.007907

  0.004279
  0.002559
  0.007360
  0.005604
  0.004848
  0.004019
  0.003440
  0.003521
  0.008348
  0.007496
  0.005355
  0.007129
  0.007096
  0.003552
  0.006695
  0.006952
  0.007675
  0.008376

  0.006288
  0.002656
  0.007488
  0.006020
  0.005016
  0.004284
  0.003652
  0.003652
  0.007938
  0.008211
  0.005456
  0.007777
  0.007682
  0.002476
  0.006633
  0.007118
  0.007459
  0.008560

  0.006361
  0.002753
  0.003905
  0.006100
  0.005034
  0.004079
  0.003720
  0.003538
  0.008480
  0.008084
  0.005876
  0.007377
  0.008052
  0.003783
  0.006598
  0.007236
  0.007417
  0.007981

  0.006199
  0.002595
  0.007812
  0.006279
  0.004866
  0.004137
  0.003465
  0.002674
  0.007445
  0.007965
  0.005084
  0.004175
  0.007499
  0.003429
  0.006419
  0.006301
  0.007513
  0.008061

  0.005995
  0.002354
  0.006339
  0.004517
  0.004708
  0.003479
  0.003194
  0.003319
  0.007023
  0.006373
  0.004204
  0.005698
  0.006292
  0.002987
  0.005987
  0.006196
  0.006692
  0.008215

  0.006563
  0.002793
  0.007622
  0.006812
  0.004885
  0.003998
  0.003669
  0.003970
  0.008233
  0.008295
  0.005519
  0.007989
  0.008319
  0.003728
  0.006538
  0.007523
  0.007566
  0.008610

  0.006133
  0.002394
  0.005968
  0.005271
  0.004771
  0.003546
  0.003300
  0.003362
  0.006604
  0.007347
  0.004404
  0.006455
  0.006494
  0.003085
  0.006163
  0.006118
  0.007081
  0.008888

  0.006512
  0.002713
  0.008036
  0.007252
  0.005067
  0.003846
  0.003745
  0.004007
  0.008041
  0.007848
  0.005689
  0.008312
  0.007949
  0.003531
  0.006736
  0.007386
  0.007801
  0.008930

  0.006111
  0.002451
  0.006659
  0.005501
  0.003675
  0.003677
  0.003581
  0.003385
  0.006865
  0.007019
  0.005577
  0.006757
  0.007288
  0.003387
  0.006274
  0.006655
  0.007284
  0.008969

  0.006486
  0.002905
  0.008978
  0.007166
  0.005708
  0.004225
  0.003894
  0.003825
  0.008919
  0.009147
  0.006521
  0.007587
  0.008641
  0.003677
  0.006942
  0.007598
  0.008509
  0.009036

  0.006330
  0.002775
  0.007920
  0.006393
  0.004968
  0.004325
  0.003847
  0.003688
  0.004918
  0.009045
  0.005764
  0.008477
  0.007882
  0.003612
  0.006837
  0.007300
  0.009163
  0.009056

  0.006022
  0.002244
  0.005810
  0.004939
  0.004747
  0.003936
  0.003142
  0.003334
  0.007278
  0.006489
  0.004048
  0.006643
  0.006621
  0.003240
  0.006032
  0.006545
  0.006989
  0.009005

  0.006223
  0.002824
  0.008857
  0.006974
  0.004942
  0.004056
  0.003790
  0.003793
  0.008728
  0.008470
  0.006682
  0.007688
  0.008206
  0.003798
  0.006916
  0.007719
  0.008786
  0.009083

  0.006641
  0.002955
  0.008383
  0.007506
  0.005070
  0.004095
  0.003938
  0.004044
  0.009289
  0.009422
  0.005921
  0.008071
  0.009170
  0.003850
  0.007127
  0.008006
  0.008178
  0.009208

  0.006460
  0.002853
  0.008137
  0.007578
  0.005738
  0.004033
  0.003868
  0.003756
  0.008822
  0.008592
  0.006474
  0.007889
  0.008444
  0.003703
  0.007010
  0.007671
  0.008894
  0.009147

  0.006410
  0.003004
  0.008599
  0.007425
  0.005132
  0.004242
  0.003968
  0.004081
  0.009027
  0.004759
  0.005960
  0.009178
  0.008664
  0.003902
  0.007032
  0.007862
  0.008689
  0.009264

  0.006391
  0.002878
  0.008276
  0.006669
  0.005617
  0.004206
  0.003832
  0.003906
  0.008573
  0.008737
  0.005820
  0.004536
  0.008685
  0.003946
  0.006871
  0.007442
  0.008392
  0.009160

  0.007033
  0.003047
  0.008549
  0.007739
  0.005190
  0.004310
  0.004050
  0.004157
  0.009475
  0.009486
  0.006585
  0.008551
  0.008729
  0.003973
  0.007072
  0.007816
  0.009114
  0.009645

  0.006580
  0.003128
  0.009313
  0.008056
  0.005408
  0.004435
  0.004033
  0.004363
  0.005170
  0.009205
  0.006065
  0.008792
  0.008786
  0.004039
  0.007181
  0.007905
  0.008991
  0.009676

  0.007144
  0.003251
  0.009236
  0.008629
  0.006003
  0.004547
  0.004099
  0.004499
  0.009803
  0.009799
  0.006811
  0.009282
  0.008807
  0.004101
  0.007401
  0.004011
  0.009436
  0.009744

  0.006598
  0.003023
  0.009094
  0.007806
  0.005491
  0.004370
  0.004011
  0.004206
  0.009215
  0.009633
  0.006013
  0.008432
  0.008608
  0.003921
  0.007224
  0.007767
  0.008311
  0.009701

  0.006846
  0.003174
  0.008916
  0.008222
  0.005835
  0.004454
  0.004114
  0.004410
  0.009672
  0.009744
  0.002623
  0.008937
  0.008938
  0.004176
  0.007306
  0.008157
  0.008958
  0.009793

  0.006910
  0.003144
  0.009046
  0.007958
  0.005346
  0.004401
  0.004084
  0.004316
  0.009536
  0.009333
  0.006910
  0.008989
  0.008755
  0.004062
  0.007246
  0.008100
  0.009029
  0.009721

  0.006953
  0.003233
  0.009346
  0.008325
  0.006059
  0.004573
  0.004144
  0.004475
  0.009850
  0.009860
  0.006756
  0.009424
  0.008876
  0.004249
  0.007548
  0.008478
  0.009462
  0.009765

  0.004619
  0.003200
  0.009153
  0.008406
  0.005957
  0.004507
  0.004308
  0.004450
  0.009609
  0.009915
  0.006852
  0.009032
  0.008917
  0.004144
  0.007335
  0.008715
  0.009295
  0.009878

  0.006813
  0.003291
  0.010718
  0.008899
  0.005509
  0.004486
  0.004238
  0.004571
  0.010118
  0.009982
  0.007026
  0.009297
  0.008955
  0.004207
  0.007590
  0.008496
  0.009241
  0.009941

  0.007339
  0.003274
  0.004181
  0.008485
  0.005555
  0.004473
  0.004162
  0.002768
  0.010267
  0.010122
  0.007209
  0.009517
  0.009010
  0.004124
  0.007364
  0.008422
  0.009631
  0.009850

  0.007062
  0.003070
  0.008670
  0.007866
  0.005131
  0.004349
  0.004067
  0.004332
  0.009752
  0.009273
  0.006646
  0.008858
  0.004621
  0.004012
  0.007163
  0.008065
  0.009076
  0.009833

  0.006244
  0.002981
  0.008487
  0.007044
  0.005316
  0.004187
  0.003990
  0.004115
  0.009145
  0.008890
  0.006132
  0.008235
  0.008858
  0.003878
  0.006976
  0.007953
  0.008135
  0.009909

  0.003906
  0.001775
  0.005668
  0.002758
  0.003445
  0.003446
  0.002878
  0.005474
  0.004694
  0.004332
  0.002425
  0.003999
  0.009121
  0.002346
  0.003713
  0.007181
  0.004228
  0.010070

  0.007189
  0.003355
  0.009482
  0.008705
  0.006265
  0.003034
  0.004337
  0.004895
  0.010050
  0.010073
  0.007345
  0.009540
  0.008977
  0.004268
  0.007571
  0.008556
  0.009208
  0.010028

  0.006993
  0.003329
  0.009275
  0.008786
  0.006140
  0.004529
  0.004416
  0.004526
  0.009904
  0.010168
  0.006977
  0.009086
  0.008995
  0.004230
  0.007615
  0.008613
  0.009518
  0.010112

  0.007744
  0.003463
  0.009697
  0.009014
  0.005453
  0.004645
  0.004548
  0.005154
  0.010440
  0.010319
  0.007152
  0.009591
  0.004801
  0.004383
  0.007530
  0.008758
  0.010050
  0.010270

  0.007300
  0.003409
  0.009458
  0.008966
  0.006182
  0.004665
  0.004381
  0.004692
  0.010376
  0.012114
  0.007110
  0.009127
  0.009045
  0.004287
  0.007486
  0.008682
  0.009570
  0.010224

  0.007465
  0.003486
  0.009610
  0.009104
  0.005935
  0.004785
  0.004518
  0.005221
  0.010508
  0.010425
  0.007177
  0.010444
  0.009140
  0.004402
  0.007376
  0.008812
  0.009481
  0.010313

  0.007102
  0.003376
  0.009430
  0.003032
  0.006030
  0.004591
  0.004485
  0.004960
  0.010329
  0.010226
  0.007266
  0.009781
  0.009028
  0.002577
  0.007513
  0.008580
  0.009908
  0.010174

  0.007658
  0.003504
  0.009673
  0.009062
  0.005674
  0.004856
  0.004697
  0.005608
  0.010609
  0.010361
  0.007243
  0.009698
  0.009082
  0.004347
  0.007435
  0.008791
  0.009817
  0.010279

  0.007381
  0.003438
  0.009719
  0.008843
  0.006380
  0.004631
  0.004443
  0.004792
  0.010559
  0.010285
  0.007068
  0.009398
  0.009100
  0.004309
  0.004250
  0.008653
  0.010020
  0.010842

  0.007609
  0.003642
  0.009374
  0.009154
  0.005580
  0.004821
  0.004588
  0.005026
  0.010954
  0.011232
  0.007492
  0.009653
  0.009061
  0.004460
  0.007657
  0.008841
  0.009593
  0.010866

  0.007723
  0.003545
  0.009505
  0.009299
  0.005870
  0.004886
  0.004662
  0.005772
  0.011470
  0.010483
  0.007464
  0.009738
  0.009154
  0.004483
  0.007634
  0.008885
  0.009402
  0.010894

  0.007582
  0.003575
  0.009628
  0.009343
  0.005901
  0.005014
  0.004722
  0.005703
  0.010660
  0.010751
  0.007373
  0.010065
  0.009353
  0.004440
  0.007700
  0.008909
  0.009544
  0.010945

  0.007493
  0.003793
  0.009653
  0.009398
  0.006331
  0.005286
  0.002854
  0.006629
  0.011365
  0.011647
  0.007423
  0.010159
  0.009181
  0.004540
  0.007791
  0.009179
  0.009744
  0.010990

  0.007541
  0.003672
  0.009586
  0.009444
  0.003975
  0.005101
  0.004775
  0.006045
  0.010762
  0.011447
  0.007511
  0.010534
  0.009241
  0.004519
  0.007722
  0.009219
  0.009655
  0.011018

  0.007636
  0.003869
  0.009736
  0.010248
  0.006803
  0.005034
  0.004790
  0.006403
  0.010903
  0.004875
  0.007537
  0.010778
  0.009258
  0.004598
  0.007814
  0.009000
  0.010091
  0.011046

  0.007867
  0.003703
  0.004265
  0.009546
  0.006295
  0.005074
  0.004821
  0.006517
  0.011000
  0.011796
  0.007666
  0.010654
  0.009226
  0.004578
  0.007739
  0.008931
  0.009861
  0.011078

  0.007685
  0.003762
  0.009751
  0.009587
  0.006416
  0.005160
  0.005005
  0.005902
  0.010709
  0.011738
  0.007615
  0.011012
  0.009374
  0.004559
  0.007760
  0.009032
  0.009721
  0.011180

  0.007799
  0.003733
  0.009559
  0.009501
  0.006104
  0.004971
  0.004763
  0.005969
  0.010856
  0.011284
  0.007582
  0.010261
  0.009341
  0.004501
  0.004444
  0.008969
  0.009697
  0.011141

  0.005743
  0.002047
  0.004638
  0.005086
  0.004485
  0.003634
  0.003494
  0.003006
  0.006337
  0.005574
  0.003598
  0.005104
  0.005182
  0.003159
  0.004908
  0.004727
  0.005642
  0.011237

  0.007707
  0.003823
  0.009846
  0.010158
  0.006639
  0.003107
  0.004834
  0.006266
  0.011938
  0.010961
  0.007636
  0.004690
  0.009413
  0.004619
  0.007844
  0.009154
  0.009993
  0.011262

  0.008055
  0.004265
  0.009881
  0.009908
  0.006615
  0.005474
  0.005046
  0.006461
  0.012029
  0.011889
  0.007825
  0.011054
  0.009326
  0.004726
  0.007828
  0.004220
  0.009786
  0.011296

  0.007769
  0.004064
  0.009825
  0.009633
  0.006491
  0.005339
  0.004900
  0.006221
  0.011869
  0.011987
  0.007710
  0.010949
  0.009295
  0.002633
  0.007870
  0.009122
  0.009682
  0.011326

  0.008078
  0.003902
  0.009785
  0.010088
  0.006535
  0.005182
  0.004964
  0.006573
  0.011653
  0.011914
  0.007783
  0.011086
  0.009311
  0.004652
  0.007888
  0.009204
  0.009769
  0.011354

  0.007977
  0.004413
  0.009919
  0.010546
  0.006688
  0.005365
  0.004930
  0.006825
  0.012112
  0.012070
  0.007873
  0.011181
  0.009393
  0.004760
  0.007909
  0.009233
  0.005038
  0.011382

  0.008007
  0.004242
  0.010613
  0.010648
  0.006658
  0.005410
  0.005107
  0.006884
  0.011752
  0.012014
  0.007968
  0.011316
  0.009462
  0.004864
  0.008071
  0.009280
  0.010116
  0.011407

  0.007953
  0.004045
  0.010666
  0.010725
  0.006902
  0.005434
  0.005132
  0.006957
  0.012326
  0.012203
  0.007995
  0.011279
  0.004977
  0.004741
  0.008120
  0.009299
  0.010136
  0.011434

  0.007837
  0.003933
  0.009942
  0.010367
  0.006762
  0.005623
  0.005072
  0.006749
  0.012299
  0.012240
  0.007942
  0.011218
  0.009542
  0.004705
  0.008002
  0.009259
  0.009939
  0.011458

  0.007926
  0.004005
  0.009767
  0.010035
  0.006457
  0.005253
  0.004866
  0.006324
  0.010806
  0.010877
  0.007755
  0.010809
  0.009277
  0.004632
  0.007779
  0.009086
  0.009879
  0.011482

  0.007891
  0.003982
  0.010006
  0.010446
  0.006587
  0.005551
  0.005172
  0.006662
  0.011565
  0.012044
  0.007928
  0.011121
  0.009433
  0.004689
  0.007969
  0.009334
  0.009975
  0.011513

  0.008121
  0.004380
  0.010816
  0.010857
  0.006715
  0.005669
  0.005323
  0.007005
  0.012261
  0.011843
  0.008079
  0.011350
  0.009580
  0.004774
  0.008050
  0.009436
  0.010270
  0.011537

  0.005008
  0.004294
  0.009805
  0.011055
  0.006943
  0.005482
  0.005193
  0.007177
  0.012361
  0.012152
  0.008033
  0.011379
  0.009611
  0.004794
  0.008027
  0.009352
  0.010235
  0.011557

  0.008147
  0.004483
  0.010194
  0.011014
  0.007032
  0.005645
  0.005296
  0.007138
  0.012399
  0.012221
  0.008214
  0.011428
  0.009626
  0.004848
  0.008095
  0.009474
  0.010172
  0.011592

  0.008259
  0.004475
  0.010282
  0.011199
  0.007012
  0.005864
  0.005272
  0.007102
  0.012443
  0.012176
  0.008126
  0.011459
  0.009886
  0.004831
  0.007988
  0.009391
  0.010155
  0.011617

  0.008102
  0.004315
  0.009863
  0.010790
  0.006845
  0.005946
  0.005239
  0.007048
  0.005423
  0.011958
  0.002770
  0.011407
  0.009650
  0.004811
  0.008269
  0.009369
  0.010315
  0.011628

  0.008414
  0.004615
  0.009965
  0.011148
  0.007052
  0.006421
  0.005520
  0.007308
  0.012509
  0.012381
  0.008157
  0.011540
  0.009699
  0.005200
  0.008174
  0.009570
  0.010401
  0.011646

  0.008216
  0.004637
  0.010511
  0.003285
  0.007247
  0.006490
  0.005499
  0.008108
  0.012623
  0.012303
  0.008272
  0.011689
  0.009862
  0.002700
  0.008157
  0.009607
  0.010523
  0.011672

  0.008236
  0.004549
  0.009902
  0.011323
  0.006985
  0.005592
  0.005355
  0.007273
  0.012484
  0.012279
  0.008425
  0.011514
  0.009844
  0.004877
  0.008236
  0.009488
  0.010217
  0.011693

  0.008031
  0.001907
  0.010378
  0.010910
  0.007184
  0.006187
  0.005386
  0.007221
  0.012656
  0.012259
  0.008187
  0.011602
  0.009676
  0.004897
  0.008305
  0.009516
  0.010347
  0.011720

  0.008197
  0.004657
  0.010596
  0.011383
  0.007075
  0.006715
  0.005583
  0.007415
  0.015643
  0.012456
  0.008251
  0.011663
  0.009923
  0.004929
  0.008199
  0.009901
  0.010475
  0.011743

  0.008556
  0.004687
  0.010138
  0.011248
  0.007113
  0.005786
  0.005540
  0.007466
  0.015599
  0.012572
  0.008307
  0.011766
  0.009904
  0.005130
  0.008218
  0.009923
  0.010506
  0.011772

  0.008310
  0.004575
  0.010535
  0.010960
  0.007099
  0.006292
  0.005409
  0.007519
  0.012529
  0.012598
  0.008103
  0.011567
  0.009780
  0.004908
  0.008136
  0.009636
  0.010378
  0.011796

  0.008389
  0.004811
  0.010770
  0.011745
  0.007318
  0.006557
  0.005633
  0.007978
  0.015349
  0.012687
  0.008404
  0.011857
  0.009943
  0.005176
  0.008322
  0.009828
  0.010593
  0.011832

  0.008278
  0.001941
  0.010239
  0.011530
  0.007283
  0.006354
  0.005559
  0.007832
  0.012693
  0.012422
  0.008455
  0.011829
  0.009978
  0.005080
  0.008379
  0.009954
  0.010573
  0.011860

  0.008601
  0.004786
  0.010556
  0.011696
  0.007409
  0.006661
  0.005698
  0.008273
  0.015538
  0.012337
  0.008474
  0.011951
  0.010071
  0.005357
  0.008395
  0.009848
  0.010689
  0.011886

  0.008500
  0.004750
  0.010574
  0.011644
  0.007358
  0.006890
  0.005658
  0.008195
  0.015422
  0.012492
  0.008382
  0.011933
  0.009962
  0.005318
  0.008428
  0.009873
  0.010657
  0.011916

  0.008516
  0.004709
  0.010636
  0.011425
  0.007131
  0.006030
  0.005726
  0.008324
  0.015222
  0.005066
  0.008359
  0.011738
  0.010109
  0.004971
  0.008413
  0.009698
  0.010547
  0.011936

  0.006531
  0.001992
  0.007872
  0.004409
  0.004440
  0.003315
  0.002953
  0.003202
  0.005691
  0.005825
  0.002969
  0.007300
  0.008902
  0.002757
  0.005753
  0.009314
  0.006193
  0.011956

  0.008471
  0.004672
  0.010477
  0.011854
  0.007206
  0.006843
  0.005608
  0.007926
  0.015275
  0.012649
  0.008317
  0.011892
  0.005033
  0.005098
  0.008356
  0.009671
  0.010614
  0.011978

  0.008448
  0.004728
  0.010448
  0.011797
  0.007451
  0.003178
  0.005685
  0.008430
  0.015707
  0.012591
  0.008338
  0.011916
  0.010002
  0.005270
  0.008338
  0.009771
  0.010744
  0.012007
